0  0  1
2  1  3
4  2  5
6  3  7
8  4  9
10  5  11
4  6  12
4  7  13
14  8  15
16  1  17
4  9  18
19  6  20
21  10  22
23  3  7
24  0  25
26  11  13
27  12  28
29  1  30
31  13  32
8  1  33
34  1  35
36  14  37
4  5  38
19  6  39
40  3  41
4  15  42
19  6  43
44  16  45
46  17  47
4  15  48
49  18  50
51  5  52
40  3  31
46  5  53
4  19  54
55  1  56
4  5  57
4  7  58
44  16  59
60  1  61
62  1  63
31  5  64
14  20  65
66  21  67
27  22  47
44  1  68
69  1  70
36  23  71
72  10  73
4  6  74
69  5  75
60  1  76
77  1  78
8  5  79
41  6  80
81  16  82
83  3  31
6  10  84
69  3  85
86  1  35
87  3  8
6  10  33
72  8  88
8  5  89
90  24  91
60  3  92
93  24  94
55  3  19
93  3  19
95  13  96
97  1  35
8  13  98
99  1  100
4  25  101
102  20  103
17  5  23
34  26  35
104  25  105
4  7  106
72  27  107
108  28  109
6  3  7
14  29  110
83  10  111
112  10  113
83  5  114
115  6  116
117  6  118
4  30  119
49  6  120
4  31  121
122  32  123
124  33  123
55  1  125
4  34  126
127  10  128
129  10  130
19  13  131
44  1  132
4  6  133
27  35  134
135  36  136
105  5  137
138  1  76
139  37  140
4  38  141
142  10  3
143  39  144
8  1  84
1  10  0
145  36  22
4  40  146
122  10  147
148  3  85
4  7  149
36  41  150
151  10  84
152  28  153
4  5  154
4  42  155
139  3  156
157  43  158
31  13  159
160  1  35
161  3  162
44  1  163
44  3  95
19  6  43
4  5  164
49  25  165
6  41  166
44  44  118
151  10  33
148  3  85
167  1  100
152  28  50
167  1  168
72  10  169
4  38  170
171  10  172
173  1  174
4  19  175
8  1  176
112  10  136
14  5  177
49  18  153
27  10  178
117  6  179
180  1  125
140  45  181
40  10  64
135  3  182
183  6  184
49  6  0
185  36  147
145  3  186
2  3  187
14  24  188
19  6  189
36  46  190
23  28  191
23  47  191
192  1  168
135  10  114
117  6  193
194  33  195
4  5  155
4  15  196
138  1  197
180  5  128
171  10  198
87  10  199
87  10  89
148  5  22
49  18  200
4  48  201
69  36  70
183  6  202
173  16  203
40  10  204
72  49  205
19  6  206
69  5  70
62  3  19
4  48  207
44  1  208
44  1  209
36  50  210
95  6  96
72  16  211
60  51  76
4  6  212
11  3  49
72  1  213
135  5  113
87  10  79
99  51  100
152  28  200
4  5  169
137  10  214
49  15  215
216  5  27
4  52  217
26  53  218
4  6  133
219  54  220
11  1  10
137  51  221
222  10  223
165  5  139
31  5  111
49  25  10
143  33  224
72  55  225
72  1  226
36  8  227
99  3  228
14  53  229
8  13  230
231  28  109
232  16  233
55  3  8
44  3  19
4  56  234
19  6  235
51  57  190
19  4  9
171  58  236
36  24  237
102  55  238
44  3  19
138  1  35
83  3  239
49  5  35
29  1  240
161  1  50
51  59  190
90  1  241
49  18  242
222  3  8
7  6  166
72  1  213
36  60  243
72  1  244
8  1  223
245  6  246
44  3  117
49  25  216
31  13  247
44  3  19
19  6  248
215  16  102
90  3  117
1  46  249
36  10  250
72  61  251
4  15  252
44  1  253
44  3  117
72  16  254
129  1  255
256  1  35
117  13  257
14  48  258
4  62  259
14  63  260
77  1  76
31  4  261
27  55  262
36  64  263
46  20  261
44  44  43
14  53  264
72  8  5
117  6  257
99  1  30
171  58  265
40  10  266
83  36  114
232  16  267
72  65  268
4  5  269
117  6  270
23  3  183
4  6  221
36  66  271
44  3  117
161  1  153
183  13  202
44  1  272
135  5  136
44  1  273
